0000000010000000
0000000010000100
0000000010001000
0000000010001011
0000000010001111
0000000010010011
0000000010010111
0000000010011011
0000000010011111
0000000010100011
0000000010100111
0000000010101011
0000000010101110
0000000010110010
0000000010110110
0000000010111001
0000000010111101
0000000011000000
0000000011000100
0000000011000111
0000000011001010
0000000011001110
0000000011010001
0000000011010100
0000000011010111
0000000011011010
0000000011011100
0000000011011111
0000000011100010
0000000011100100
0000000011100111
0000000011101001
0000000011101011
0000000011101101
0000000011101111
0000000011110001
0000000011110011
0000000011110101
0000000011110110
0000000011110111
0000000011111001
0000000011111010
0000000011111011
0000000011111100
0000000011111101
0000000011111101
0000000011111110
0000000011111110
0000000011111111
0000000011111111
0000000011111111
0000000011111111
0000000011111111
0000000011111110
0000000011111110
0000000011111101
0000000011111101
0000000011111100
0000000011111011
0000000011111010
0000000011111001
0000000011110111
0000000011110110
0000000011110101
0000000011110011
0000000011110001
0000000011101111
0000000011101101
0000000011101011
0000000011101001
0000000011100111
0000000011100100
0000000011100010
0000000011011111
0000000011011100
0000000011011010
0000000011010111
0000000011010100
0000000011010001
0000000011001110
0000000011001010
0000000011000111
0000000011000100
0000000011000000
0000000010111101
0000000010111001
0000000010110110
0000000010110010
0000000010101110
0000000010101011
0000000010100111
0000000010100011
0000000010011111
0000000010011011
0000000010010111
0000000010010011
0000000010001111
0000000010001011
0000000010001000
0000000010000100
0000000001111111
0000000001111011
0000000001110111
0000000001110100
0000000001110000
0000000001101100
0000000001101000
0000000001100100
0000000001100000
0000000001011100
0000000001011000
0000000001010100
0000000001010001
0000000001001101
0000000001001001
0000000001000110
0000000001000010
0000000000111111
0000000000111011
0000000000111000
0000000000110101
0000000000110001
0000000000101110
0000000000101011
0000000000101000
0000000000100101
0000000000100011
0000000000100000
0000000000011101
0000000000011011
0000000000011000
0000000000010110
0000000000010100
0000000000010010
0000000000010000
0000000000001110
0000000000001100
0000000000001010
0000000000001001
0000000000001000
0000000000000110
0000000000000101
0000000000000100
0000000000000011
0000000000000010
0000000000000010
0000000000000001
0000000000000001
0000000000000000
0000000000000000
0000000000000000
0000000000000000
0000000000000000
0000000000000001
0000000000000001
0000000000000010
0000000000000010
0000000000000011
0000000000000100
0000000000000101
0000000000000110
0000000000001000
0000000000001001
0000000000001010
0000000000001100
0000000000001110
0000000000010000
0000000000010010
0000000000010100
0000000000010110
0000000000011000
0000000000011011
0000000000011101
0000000000100000
0000000000100011
0000000000100101
0000000000101000
0000000000101011
0000000000101110
0000000000110001
0000000000110101
0000000000111000
0000000000111011
0000000000111111
0000000001000010
0000000001000110
0000000001001001
0000000001001101
0000000001010001
0000000001010100
0000000001011000
0000000001011100
0000000001100000
0000000001100100
0000000001101000
0000000001101100
0000000001110000
0000000001110100
0000000001110111
0000000001111011
0000000010000000
0000000010000100
0000000010001000
0000000010001011
0000000010001111
0000000010010011
0000000010010111
0000000010011011
0000000010011111
0000000010100011
0000000010100111
0000000010101011
0000000010101110
0000000010110010
0000000010110110
0000000010111001
0000000010111101
0000000011000000
0000000011000100
0000000011000111
0000000011001010
0000000011001110
0000000011010001
0000000011010100
0000000011010111
0000000011011010
0000000011011100
0000000011011111
0000000011100010
0000000011100100
0000000011100111
0000000011101001
0000000011101011
0000000011101101
0000000011101111
0000000011110001
0000000011110011
0000000011110101
0000000011110110
0000000011110111
0000000011111001
0000000011111010
0000000011111011
0000000011111100
0000000011111101
0000000011111101
0000000011111110
0000000011111110
0000000011111111
0000000011111111
0000000011111111
0000000011111111
0000000011111111
0000000011111110
0000000011111110
0000000011111101
0000000011111101
0000000011111100
0000000011111011
0000000011111010
0000000011111001
0000000011110111
0000000011110110
0000000011110101
0000000011110011
0000000011110001
0000000011101111
0000000011101101
0000000011101011
0000000011101001
0000000011100111
0000000011100100
0000000011100010
0000000011011111
0000000011011100
0000000011011010
0000000011010111
0000000011010100
0000000011010001
0000000011001110
0000000011001010
0000000011000111
0000000011000100
0000000011000000
0000000010111101
0000000010111001
0000000010110110
0000000010110010
0000000010101110
0000000010101011
0000000010100111
0000000010100011
0000000010011111
0000000010011011
0000000010010111
0000000010010011
0000000010001111
0000000010001011
0000000010001000
0000000010000100
0000000010000000
0000000001111011
0000000001110111
0000000001110100
0000000001110000
0000000001101100
0000000001101000
0000000001100100
0000000001100000
0000000001011100
0000000001011000
0000000001010100
0000000001010001
0000000001001101
0000000001001001
0000000001000110
0000000001000010
0000000000111111
0000000000111011
0000000000111000
0000000000110101
0000000000110001
0000000000101110
0000000000101011
0000000000101000
0000000000100101
0000000000100011
0000000000100000
0000000000011101
0000000000011011
0000000000011000
0000000000010110
0000000000010100
0000000000010010
0000000000010000
0000000000001110
0000000000001100
0000000000001010
0000000000001001
0000000000001000
0000000000000110
0000000000000101
0000000000000100
0000000000000011
0000000000000010
0000000000000010
0000000000000001
0000000000000001
0000000000000000
0000000000000000
0000000000000000
0000000000000000
0000000000000000
0000000000000001
0000000000000001
0000000000000010
0000000000000010
0000000000000011
0000000000000100
0000000000000101
0000000000000110
0000000000001000
0000000000001001
0000000000001010
0000000000001100
0000000000001110
0000000000010000
0000000000010010
0000000000010100
0000000000010110
0000000000011000
0000000000011011
0000000000011101
0000000000100000
0000000000100011
0000000000100101
0000000000101000
0000000000101011
0000000000101110
0000000000110001
0000000000110101
0000000000111000
0000000000111011
0000000000111111
0000000001000010
0000000001000110
0000000001001001
0000000001001101
0000000001010001
0000000001010100
0000000001011000
0000000001011100
0000000001100000
0000000001100100
0000000001101000
0000000001101100
0000000001110000
0000000001110100
0000000001110111
0000000001111011
0000000010000000
0000000010000100
0000000010001000
0000000010001011
0000000010001111
0000000010010011
0000000010010111
0000000010011011
0000000010011111
0000000010100011
0000000010100111
0000000010101011
0000000010101110
0000000010110010
0000000010110110
0000000010111001
0000000010111101
0000000011000000
0000000011000100
0000000011000111
0000000011001010
0000000011001110
0000000011010001
0000000011010100
0000000011010111
0000000011011010
0000000011011100
0000000011011111
0000000011100010
0000000011100100
0000000011100111
0000000011101001
0000000011101011
0000000011101101
0000000011101111
0000000011110001
0000000011110011
0000000011110101
0000000011110110
0000000011110111
0000000011111001
0000000011111010
0000000011111011
0000000011111100
0000000011111101
0000000011111101
0000000011111110
0000000011111110
0000000011111111
0000000011111111
0000000011111111
0000000011111111
0000000011111111
0000000011111110
0000000011111110
0000000011111101
0000000011111101
0000000011111100
0000000011111011
0000000011111010
0000000011111001
0000000011110111
0000000011110110
0000000011110101
0000000011110011
0000000011110001
0000000011101111
0000000011101101
0000000011101011
0000000011101001
0000000011100111
0000000011100100
0000000011100010
0000000011011111
0000000011011100
0000000011011010
0000000011010111
0000000011010100
0000000011010001
0000000011001110
0000000011001010
0000000011000111
0000000011000100
0000000011000000
0000000010111101
0000000010111001
0000000010110110
0000000010110010
0000000010101110
0000000010101011
0000000010100111
0000000010100011
0000000010011111
0000000010011011
0000000010010111
0000000010010011
0000000010001111
0000000010001011
0000000010001000
0000000010000100
0000000010000000
0000000001111011
0000000001110111
0000000001110100
0000000001110000
0000000001101100
0000000001101000
0000000001100100
0000000001100000
0000000001011100
0000000001011000
0000000001010100
0000000001010001
0000000001001101
0000000001001001
0000000001000110
0000000001000010
0000000000111111
0000000000111011
0000000000111000
0000000000110101
0000000000110001
0000000000101110
0000000000101011
0000000000101000
0000000000100101
0000000000100011
0000000000100000
0000000000011101
0000000000011011
0000000000011000
0000000000010110
0000000000010100
0000000000010010
0000000000010000
0000000000001110
0000000000001100
0000000000001010
0000000000001001
0000000000001000
0000000000000110
0000000000000101
0000000000000100
0000000000000011
0000000000000010
0000000000000010
0000000000000001
0000000000000001
0000000000000000
0000000000000000
0000000000000000
0000000000000000
0000000000000000
0000000000000001
0000000000000001
0000000000000010
0000000000000010
0000000000000011
0000000000000100
0000000000000101
0000000000000110
0000000000001000
0000000000001001
0000000000001010
0000000000001100
0000000000001110
0000000000010000
0000000000010010
0000000000010100
0000000000010110
0000000000011000
0000000000011011
0000000000011101
0000000000100000
0000000000100011
0000000000100101
0000000000101000
0000000000101011
0000000000101110
0000000000110001
0000000000110101
0000000000111000
0000000000111011
0000000000111111
0000000001000010
0000000001000110
0000000001001001
0000000001001101
0000000001010001
0000000001010100
0000000001011000
0000000001011100
0000000001100000
0000000001100100
0000000001101000
0000000001101100
0000000001110000
0000000001110100
0000000001110111
0000000001111011
0000000001111111
0000000010000100
0000000010001000
0000000010001011
0000000010001111
0000000010010011
0000000010010111
0000000010011011
0000000010011111
0000000010100011
0000000010100111
0000000010101011
0000000010101110
0000000010110010
0000000010110110
0000000010111001
0000000010111101
0000000011000000
0000000011000100
0000000011000111
0000000011001010
0000000011001110
0000000011010001
0000000011010100
0000000011010111
0000000011011010
0000000011011100
0000000011011111
0000000011100010
0000000011100100
0000000011100111
0000000011101001
0000000011101011
0000000011101101
0000000011101111
0000000011110001
0000000011110011
0000000011110101
0000000011110110
0000000011110111
0000000011111001
0000000011111010
0000000011111011
0000000011111100
0000000011111101
0000000011111101
0000000011111110
0000000011111110
0000000011111111
0000000011111111
0000000011111111
0000000011111111
0000000011111111
0000000011111110
0000000011111110
0000000011111101
0000000011111101
0000000011111100
0000000011111011
0000000011111010
0000000011111001
0000000011110111
0000000011110110
0000000011110101
0000000011110011
0000000011110001
0000000011101111
0000000011101101
0000000011101011
0000000011101001
0000000011100111
0000000011100100
0000000011100010
0000000011011111
0000000011011100
0000000011011010
0000000011010111
0000000011010100
0000000011010001
0000000011001110
0000000011001010
0000000011000111
0000000011000100
0000000011000000
0000000010111101
0000000010111001
0000000010110110
0000000010110010
0000000010101110
0000000010101011
0000000010100111
0000000010100011
0000000010011111
0000000010011011
0000000010010111
0000000010010011
0000000010001111
0000000010001011
0000000010001000
0000000010000100
0000000010000000
0000000001111011
0000000001110111
0000000001110100
0000000001110000
0000000001101100
0000000001101000
0000000001100100
0000000001100000
0000000001011100
0000000001011000
0000000001010100
0000000001010001
0000000001001101
0000000001001001
0000000001000110
0000000001000010
0000000000111111
0000000000111011
0000000000111000
0000000000110101
0000000000110001
0000000000101110
0000000000101011
0000000000101000
0000000000100101
0000000000100011
0000000000100000
0000000000011101
0000000000011011
0000000000011000
0000000000010110
0000000000010100
0000000000010010
0000000000010000
0000000000001110
0000000000001100
0000000000001010
0000000000001001
0000000000001000
0000000000000110
0000000000000101
0000000000000100
0000000000000011
0000000000000010
0000000000000010
0000000000000001
0000000000000001
0000000000000000
0000000000000000
0000000000000000
0000000000000000
0000000000000000
0000000000000001
0000000000000001
0000000000000010
0000000000000010
0000000000000011
0000000000000100
0000000000000101
0000000000000110
0000000000001000
0000000000001001
0000000000001010
0000000000001100
0000000000001110
0000000000010000
0000000000010010
0000000000010100
0000000000010110
0000000000011000
0000000000011011
0000000000011101
0000000000100000
0000000000100011
0000000000100101
0000000000101000
0000000000101011
0000000000101110
0000000000110001
0000000000110101
0000000000111000
0000000000111011
0000000000111111
0000000001000010
0000000001000110
0000000001001001
0000000001001101
0000000001010001
0000000001010100
0000000001011000
0000000001011100
0000000001100000
0000000001100100
0000000001101000
0000000001101100
0000000001110000
0000000001110100
0000000001110111
0000000001111011
0000000010000000
0000000010000100
0000000010001000
0000000010001011
0000000010001111
0000000010010011
0000000010010111
0000000010011011
0000000010011111
0000000010100011
0000000010100111
0000000010101011
0000000010101110
0000000010110010
0000000010110110
0000000010111001
0000000010111101
0000000011000000
0000000011000100
0000000011000111
0000000011001010
0000000011001110
0000000011010001
0000000011010100
0000000011010111
0000000011011010
0000000011011100
0000000011011111
0000000011100010
0000000011100100
0000000011100111
0000000011101001
0000000011101011
0000000011101101
0000000011101111
0000000011110001
0000000011110011
0000000011110101
0000000011110110
0000000011110111
0000000011111001
0000000011111010
0000000011111011
0000000011111100
0000000011111101
0000000011111101
0000000011111110
0000000011111110
0000000011111111
0000000011111111
0000000011111111
0000000011111111
0000000011111111
0000000011111110
0000000011111110
0000000011111101
0000000011111101
0000000011111100
0000000011111011
0000000011111010
0000000011111001
0000000011110111
0000000011110110
0000000011110101
0000000011110011
0000000011110001
0000000011101111
0000000011101101
0000000011101011
0000000011101001
0000000011100111
0000000011100100
0000000011100010
0000000011011111
0000000011011100
0000000011011010
0000000011010111
0000000011010100
0000000011010001
0000000011001110
0000000011001010
0000000011000111
0000000011000100
0000000011000000
0000000010111101
0000000010111001
0000000010110110
0000000010110010
0000000010101110
0000000010101011
0000000010100111
0000000010100011
0000000010011111
0000000010011011
0000000010010111
0000000010010011
0000000010001111
0000000010001011
0000000010001000
0000000010000100
0000000010000000
0000000001111011
0000000001110111
0000000001110100
0000000001110000
0000000001101100
0000000001101000
0000000001100100
0000000001100000
0000000001011100
0000000001011000
0000000001010100
0000000001010001
0000000001001101
0000000001001001
0000000001000110
0000000001000010
0000000000111111
0000000000111011
0000000000111000
0000000000110101
0000000000110001
0000000000101110
0000000000101011
0000000000101000
0000000000100101
0000000000100011
0000000000100000
0000000000011101
0000000000011011
0000000000011000
0000000000010110
0000000000010100
0000000000010010
0000000000010000
0000000000001110
0000000000001100
0000000000001010
0000000000001001
0000000000001000
0000000000000110
0000000000000101
0000000000000100
0000000000000011
0000000000000010
0000000000000010
0000000000000001
0000000000000001
0000000000000000
0000000000000000
0000000000000000
0000000000000000
0000000000000000
0000000000000001
0000000000000001
0000000000000010
0000000000000010
0000000000000011
0000000000000100
0000000000000101
0000000000000110
0000000000001000
0000000000001001
0000000000001010
0000000000001100
0000000000001110
0000000000010000
0000000000010010
0000000000010100
0000000000010110
0000000000011000
0000000000011011
0000000000011101
0000000000100000
0000000000100011
0000000000100101
0000000000101000
0000000000101011
0000000000101110
0000000000110001
0000000000110101
0000000000111000
0000000000111011
0000000000111111
0000000001000010
0000000001000110
0000000001001001
0000000001001101
0000000001010001
0000000001010100
0000000001011000
0000000001011100
0000000001100000
0000000001100100
0000000001101000
0000000001101100
0000000001110000
0000000001110100
0000000001110111
0000000001111011
0000000001111111
0000000010000100
0000000010001000
0000000010001011
0000000010001111
0000000010010011
0000000010010111
0000000010011011
0000000010011111
0000000010100011
0000000010100111
0000000010101011
0000000010101110
0000000010110010
0000000010110110
0000000010111001
0000000010111101
0000000011000000
0000000011000100
0000000011000111
0000000011001010
0000000011001110
0000000011010001
0000000011010100
0000000011010111
0000000011011010
0000000011011100
0000000011011111
0000000011100010
0000000011100100
0000000011100111
0000000011101001
0000000011101011
0000000011101101
0000000011101111
0000000011110001
0000000011110011
0000000011110101
0000000011110110
0000000011110111
0000000011111001
0000000011111010
0000000011111011
0000000011111100
0000000011111101
0000000011111101
0000000011111110
0000000011111110
0000000011111111
0000000011111111
0000000011111111
0000000011111111
0000000011111111
0000000011111110
0000000011111110
0000000011111101
0000000011111101
0000000011111100
0000000011111011
0000000011111010
0000000011111001
0000000011110111
0000000011110110
0000000011110101
0000000011110011
0000000011110001
0000000011101111
0000000011101101
0000000011101011
0000000011101001
0000000011100111
0000000011100100
0000000011100010
0000000011011111
0000000011011100
0000000011011010
0000000011010111
0000000011010100
0000000011010001
0000000011001110
0000000011001010
0000000011000111
0000000011000100
0000000011000000
0000000010111101
0000000010111001
0000000010110110
0000000010110010
0000000010101110
0000000010101011
0000000010100111
0000000010100011
0000000010011111
0000000010011011
0000000010010111
0000000010010011
0000000010001111
0000000010001011
0000000010001000
0000000010000100
0000000001111111
0000000001111011
0000000001110111
0000000001110100
0000000001110000
0000000001101100
0000000001101000
0000000001100100
0000000001100000
0000000001011100
0000000001011000
0000000001010100
0000000001010001
0000000001001101
0000000001001001
0000000001000110
0000000001000010
0000000000111111
0000000000111011
0000000000111000
0000000000110101
0000000000110001
0000000000101110
0000000000101011
0000000000101000
0000000000100101
0000000000100011
0000000000100000
0000000000011101
0000000000011011
0000000000011000
0000000000010110
0000000000010100
0000000000010010
0000000000010000
0000000000001110
0000000000001100
0000000000001010
0000000000001001
0000000000001000
0000000000000110
0000000000000101
0000000000000100
0000000000000011
0000000000000010
0000000000000010
0000000000000001
0000000000000001
0000000000000000
0000000000000000
0000000000000000
0000000000000000
0000000000000000
0000000000000001
0000000000000001
0000000000000010
0000000000000010
0000000000000011
0000000000000100
0000000000000101
0000000000000110
0000000000001000
0000000000001001
0000000000001010
0000000000001100
0000000000001110
0000000000010000
0000000000010010
0000000000010100
0000000000010110
0000000000011000
0000000000011011
0000000000011101
0000000000100000
0000000000100011
0000000000100101
0000000000101000
0000000000101011
0000000000101110
0000000000110001
0000000000110101
0000000000111000
0000000000111011
0000000000111111
0000000001000010
0000000001000110
0000000001001001
0000000001001101
0000000001010001
0000000001010100
0000000001011000
0000000001011100
0000000001100000
0000000001100100
0000000001101000
0000000001101100
0000000001110000
0000000001110100
0000000001110111
0000000001111011
0000000001111111
0000000010000100
0000000010001000
0000000010001011
0000000010001111
0000000010010011
0000000010010111
0000000010011011
0000000010011111
0000000010100011
0000000010100111
0000000010101011
0000000010101110
0000000010110010
0000000010110110
0000000010111001
0000000010111101
0000000011000000
0000000011000100
0000000011000111
0000000011001010
0000000011001110
0000000011010001
0000000011010100
0000000011010111
0000000011011010
0000000011011100
0000000011011111
0000000011100010
0000000011100100
0000000011100111
0000000011101001
0000000011101011
0000000011101101
0000000011101111
0000000011110001
0000000011110011
0000000011110101
0000000011110110
0000000011110111
0000000011111001
0000000011111010
0000000011111011
0000000011111100
0000000011111101
0000000011111101
0000000011111110
0000000011111110
0000000011111111
0000000011111111
0000000011111111
0000000011111111
0000000011111111
0000000011111110
0000000011111110
0000000011111101
0000000011111101
0000000011111100
0000000011111011
0000000011111010
0000000011111001
0000000011110111
0000000011110110
0000000011110101
0000000011110011
0000000011110001
0000000011101111
0000000011101101
0000000011101011
0000000011101001
0000000011100111
0000000011100100
0000000011100010
0000000011011111
0000000011011100
0000000011011010
0000000011010111
0000000011010100
0000000011010001
0000000011001110
0000000011001010
0000000011000111
0000000011000100
0000000011000000
0000000010111101
0000000010111001
0000000010110110
0000000010110010
0000000010101110
0000000010101011
0000000010100111
0000000010100011
0000000010011111
0000000010011011
0000000010010111
0000000010010011
0000000010001111
0000000010001011
0000000010001000
0000000010000100
0000000010000000
0000000001111011
0000000001110111
0000000001110100
0000000001110000
0000000001101100
0000000001101000
0000000001100100
0000000001100000
0000000001011100
0000000001011000
0000000001010100
0000000001010001
0000000001001101
0000000001001001
0000000001000110
0000000001000010
0000000000111111
0000000000111011
0000000000111000
0000000000110101
0000000000110001
0000000000101110
0000000000101011
0000000000101000
0000000000100101
0000000000100011
0000000000100000
0000000000011101
0000000000011011
0000000000011000
0000000000010110
0000000000010100
0000000000010010
0000000000010000
0000000000001110
0000000000001100
0000000000001010
0000000000001001
0000000000001000
0000000000000110
0000000000000101
0000000000000100
0000000000000011
0000000000000010
0000000000000010
0000000000000001
0000000000000001
0000000000000000
0000000000000000
0000000000000000
0000000000000000
0000000000000000
0000000000000001
0000000000000001
0000000000000010
0000000000000010
0000000000000011
0000000000000100
0000000000000101
0000000000000110
0000000000001000
0000000000001001
0000000000001010
0000000000001100
0000000000001110
0000000000010000
0000000000010010
0000000000010100
0000000000010110
0000000000011000
0000000000011011
0000000000011101
0000000000100000
0000000000100011
0000000000100101
0000000000101000
0000000000101011
0000000000101110
0000000000110001
0000000000110101
0000000000111000
0000000000111011
0000000000111111
0000000001000010
0000000001000110
0000000001001001
0000000001001101
0000000001010001
0000000001010100
0000000001011000
0000000001011100
0000000001100000
0000000001100100
0000000001101000
0000000001101100
0000000001110000
0000000001110100
0000000001110111
0000000001111011
0000000001111111
0000000010000100
0000000010001000
0000000010001011
0000000010001111
0000000010010011
0000000010010111
0000000010011011
0000000010011111
0000000010100011
0000000010100111
0000000010101011
0000000010101110
0000000010110010
0000000010110110
0000000010111001
0000000010111101
0000000011000000
0000000011000100
0000000011000111
0000000011001010
0000000011001110
0000000011010001
0000000011010100
0000000011010111
0000000011011010
0000000011011100
0000000011011111
0000000011100010
0000000011100100
0000000011100111
0000000011101001
0000000011101011
0000000011101101
0000000011101111
0000000011110001
0000000011110011
0000000011110101
0000000011110110
0000000011110111
0000000011111001
0000000011111010
0000000011111011
0000000011111100
0000000011111101
0000000011111101
0000000011111110
0000000011111110
0000000011111111
0000000011111111
0000000011111111
0000000011111111
0000000011111111
0000000011111110
0000000011111110
0000000011111101
0000000011111101
0000000011111100
0000000011111011
0000000011111010
0000000011111001
0000000011110111
0000000011110110
0000000011110101
0000000011110011
0000000011110001
0000000011101111
0000000011101101
0000000011101011
0000000011101001
0000000011100111
0000000011100100
0000000011100010
0000000011011111
0000000011011100
0000000011011010
0000000011010111
0000000011010100
0000000011010001
0000000011001110
0000000011001010
0000000011000111
0000000011000100
0000000011000000
0000000010111101
0000000010111001
0000000010110110
0000000010110010
0000000010101110
0000000010101011
0000000010100111
0000000010100011
0000000010011111
0000000010011011
0000000010010111
0000000010010011
0000000010001111
0000000010001011
0000000010001000
0000000010000100
0000000001111111
0000000001111011
0000000001110111
0000000001110100
0000000001110000
0000000001101100
0000000001101000
0000000001100100
0000000001100000
0000000001011100
0000000001011000
0000000001010100
0000000001010001
0000000001001101
0000000001001001
0000000001000110
0000000001000010
0000000000111111
0000000000111011
0000000000111000
0000000000110101
0000000000110001
0000000000101110
0000000000101011
0000000000101000
0000000000100101
0000000000100011
0000000000100000
0000000000011101
0000000000011011
0000000000011000
0000000000010110
0000000000010100
0000000000010010
0000000000010000
0000000000001110
0000000000001100
0000000000001010
0000000000001001
0000000000001000
0000000000000110
0000000000000101
0000000000000100
0000000000000011
0000000000000010
0000000000000010
0000000000000001
0000000000000001
0000000000000000
0000000000000000
0000000000000000
0000000000000000
0000000000000000
0000000000000001
0000000000000001
0000000000000010
0000000000000010
0000000000000011
0000000000000100
0000000000000101
0000000000000110
0000000000001000
0000000000001001
0000000000001010
0000000000001100
0000000000001110
0000000000010000
0000000000010010
0000000000010100
0000000000010110
0000000000011000
0000000000011011
0000000000011101
0000000000100000
0000000000100011
0000000000100101
0000000000101000
0000000000101011
0000000000101110
0000000000110001
0000000000110101
0000000000111000
0000000000111011
0000000000111111
0000000001000010
0000000001000110
0000000001001001
0000000001001101
0000000001010001
0000000001010100
0000000001011000
0000000001011100
0000000001100000
0000000001100100
0000000001101000
0000000001101100
0000000001110000
0000000001110100
0000000001110111
0000000001111011
0000000010000000
0000000010000100
0000000010001000
0000000010001011
0000000010001111
0000000010010011
0000000010010111
0000000010011011
0000000010011111
0000000010100011
0000000010100111
0000000010101011
0000000010101110
0000000010110010
0000000010110110
0000000010111001
0000000010111101
0000000011000000
0000000011000100
0000000011000111
0000000011001010
0000000011001110
0000000011010001
0000000011010100
0000000011010111
0000000011011010
0000000011011100
0000000011011111
0000000011100010
0000000011100100
0000000011100111
0000000011101001
0000000011101011
0000000011101101
0000000011101111
0000000011110001
0000000011110011
0000000011110101
0000000011110110
0000000011110111
0000000011111001
0000000011111010
0000000011111011
0000000011111100
0000000011111101
0000000011111101
0000000011111110
0000000011111110
0000000011111111
0000000011111111
0000000011111111
0000000011111111
0000000011111111
0000000011111110
0000000011111110
0000000011111101
0000000011111101
0000000011111100
0000000011111011
0000000011111010
0000000011111001
0000000011110111
0000000011110110
0000000011110101
0000000011110011
0000000011110001
0000000011101111
0000000011101101
0000000011101011
0000000011101001
0000000011100111
0000000011100100
0000000011100010
0000000011011111
0000000011011100
0000000011011010
0000000011010111
0000000011010100
0000000011010001
0000000011001110
0000000011001010
0000000011000111
0000000011000100
0000000011000000
0000000010111101
0000000010111001
0000000010110110
0000000010110010
0000000010101110
0000000010101011
0000000010100111
0000000010100011
0000000010011111
0000000010011011
0000000010010111
0000000010010011
0000000010001111
0000000010001011
0000000010001000
0000000010000100
0000000010000000
0000000001111011
0000000001110111
0000000001110100
0000000001110000
0000000001101100
0000000001101000
0000000001100100
0000000001100000
0000000001011100
0000000001011000
0000000001010100
0000000001010001
0000000001001101
0000000001001001
0000000001000110
0000000001000010
0000000000111111
0000000000111011
0000000000111000
0000000000110101
0000000000110001
0000000000101110
0000000000101011
0000000000101000
0000000000100101
0000000000100011
0000000000100000
0000000000011101
0000000000011011
0000000000011000
0000000000010110
0000000000010100
0000000000010010
0000000000010000
0000000000001110
0000000000001100
0000000000001010
0000000000001001
0000000000001000
0000000000000110
0000000000000101
0000000000000100
0000000000000011
0000000000000010
0000000000000010
0000000000000001
0000000000000001
0000000000000000
0000000000000000
0000000000000000
0000000000000000
0000000000000000
0000000000000001
0000000000000001
0000000000000010
0000000000000010
0000000000000011
0000000000000100
0000000000000101
0000000000000110
0000000000001000
0000000000001001
0000000000001010
0000000000001100
0000000000001110
0000000000010000
0000000000010010
0000000000010100
0000000000010110
0000000000011000
0000000000011011
0000000000011101
0000000000100000
0000000000100011
0000000000100101
0000000000101000
0000000000101011
0000000000101110
0000000000110001
0000000000110101
0000000000111000
0000000000111011
0000000000111111
0000000001000010
0000000001000110
0000000001001001
0000000001001101
0000000001010001
0000000001010100
0000000001011000
0000000001011100
0000000001100000
0000000001100100
0000000001101000
0000000001101100
0000000001110000
0000000001110100
0000000001110111
0000000001111011
0000000001111111
0000000010000100
0000000010001000
0000000010001011
0000000010001111
0000000010010011
0000000010010111
0000000010011011
0000000010011111
0000000010100011
0000000010100111
0000000010101011
0000000010101110
0000000010110010
0000000010110110
0000000010111001
0000000010111101
0000000011000000
0000000011000100
0000000011000111
0000000011001010
0000000011001110
0000000011010001
0000000011010100
0000000011010111
0000000011011010
0000000011011100
0000000011011111
0000000011100010
0000000011100100
0000000011100111
0000000011101001
0000000011101011
0000000011101101
0000000011101111
0000000011110001
0000000011110011
0000000011110101
0000000011110110
0000000011110111
0000000011111001
0000000011111010
0000000011111011
0000000011111100
0000000011111101
0000000011111101
0000000011111110
0000000011111110
0000000011111111
0000000011111111
0000000011111111
0000000011111111
0000000011111111
0000000011111110
0000000011111110
0000000011111101
0000000011111101
0000000011111100
0000000011111011
0000000011111010
0000000011111001
0000000011110111
0000000011110110
0000000011110101
0000000011110011
0000000011110001
0000000011101111
0000000011101101
0000000011101011
0000000011101001
0000000011100111
0000000011100100
0000000011100010
0000000011011111
0000000011011100
0000000011011010
0000000011010111
0000000011010100
0000000011010001
0000000011001110
0000000011001010
0000000011000111
0000000011000100
0000000011000000
0000000010111101
0000000010111001
0000000010110110
0000000010110010
0000000010101110
0000000010101011
0000000010100111
0000000010100011
0000000010011111
0000000010011011
0000000010010111
0000000010010011
0000000010001111
0000000010001011
0000000010001000
0000000010000100
0000000001111111
0000000001111011
0000000001110111
0000000001110100
0000000001110000
0000000001101100
0000000001101000
0000000001100100
0000000001100000
0000000001011100
0000000001011000
0000000001010100
0000000001010001
0000000001001101
0000000001001001
0000000001000110
0000000001000010
0000000000111111
0000000000111011
0000000000111000
0000000000110101
0000000000110001
0000000000101110
0000000000101011
0000000000101000
0000000000100101
0000000000100011
0000000000100000
0000000000011101
0000000000011011
0000000000011000
0000000000010110
0000000000010100
0000000000010010
0000000000010000
0000000000001110
0000000000001100
0000000000001010
0000000000001001
0000000000001000
0000000000000110
0000000000000101
0000000000000100
0000000000000011
0000000000000010
0000000000000010
0000000000000001
0000000000000001
0000000000000000
0000000000000000
0000000000000000
0000000000000000
0000000000000000
0000000000000001
0000000000000001
0000000000000010
0000000000000010
0000000000000011
0000000000000100
0000000000000101
0000000000000110
0000000000001000
0000000000001001
0000000000001010
0000000000001100
0000000000001110
0000000000010000
0000000000010010
0000000000010100
0000000000010110
0000000000011000
0000000000011011
0000000000011101
0000000000100000
0000000000100011
0000000000100101
0000000000101000
0000000000101011
0000000000101110
0000000000110001
0000000000110101
0000000000111000
0000000000111011
0000000000111111
0000000001000010
0000000001000110
0000000001001001
0000000001001101
0000000001010001
0000000001010100
0000000001011000
0000000001011100
0000000001100000
0000000001100100
0000000001101000
0000000001101100
0000000001110000
0000000001110100
0000000001110111
0000000001111011
0000000001111111
0000000010000100
0000000010001000
0000000010001011
0000000010001111
0000000010010011
0000000010010111
0000000010011011
0000000010011111
0000000010100011
0000000010100111
0000000010101011
0000000010101110
0000000010110010
0000000010110110
0000000010111001
0000000010111101
0000000011000000
0000000011000100
0000000011000111
0000000011001010
0000000011001110
0000000011010001
0000000011010100
0000000011010111
0000000011011010
0000000011011100
0000000011011111
0000000011100010
0000000011100100
0000000011100111
0000000011101001
0000000011101011
0000000011101101
0000000011101111
0000000011110001
0000000011110011
0000000011110101
0000000011110110
0000000011110111
0000000011111001
0000000011111010
0000000011111011
0000000011111100
0000000011111101
0000000011111101
0000000011111110
0000000011111110
0000000011111111
0000000011111111
0000000011111111
0000000011111111
0000000011111111
0000000011111110
0000000011111110
0000000011111101
0000000011111101
0000000011111100
0000000011111011
0000000011111010
0000000011111001
0000000011110111
0000000011110110
0000000011110101
0000000011110011
0000000011110001
0000000011101111
0000000011101101
0000000011101011
0000000011101001
0000000011100111
0000000011100100
0000000011100010
0000000011011111
0000000011011100
0000000011011010
0000000011010111
0000000011010100
0000000011010001
0000000011001110
0000000011001010
0000000011000111
0000000011000100
0000000011000000
0000000010111101
0000000010111001
0000000010110110
0000000010110010
0000000010101110
0000000010101011
0000000010100111
0000000010100011
0000000010011111
0000000010011011
0000000010010111
0000000010010011
0000000010001111
0000000010001011
0000000010001000
0000000010000100
0000000001111111
0000000001111011
0000000001110111
0000000001110100
0000000001110000
0000000001101100
0000000001101000
0000000001100100
0000000001100000
0000000001011100
0000000001011000
0000000001010100
0000000001010001
0000000001001101
0000000001001001
0000000001000110
0000000001000010
0000000000111111
0000000000111011
0000000000111000
0000000000110101
0000000000110001
0000000000101110
0000000000101011
0000000000101000
0000000000100101
0000000000100011
0000000000100000
0000000000011101
0000000000011011
0000000000011000
0000000000010110
0000000000010100
0000000000010010
0000000000010000
0000000000001110
0000000000001100
0000000000001010
0000000000001001
0000000000001000
0000000000000110
0000000000000101
0000000000000100
0000000000000011
0000000000000010
0000000000000010
0000000000000001
0000000000000001
0000000000000000
0000000000000000
0000000000000000
0000000000000000
0000000000000000
0000000000000001
0000000000000001
0000000000000010
0000000000000010
0000000000000011
0000000000000100
0000000000000101
0000000000000110
0000000000001000
0000000000001001
0000000000001010
0000000000001100
0000000000001110
0000000000010000
0000000000010010
0000000000010100
0000000000010110
0000000000011000
0000000000011011
0000000000011101
0000000000100000
0000000000100011
0000000000100101
0000000000101000
0000000000101011
0000000000101110
0000000000110001
0000000000110101
0000000000111000
0000000000111011
0000000000111111
0000000001000010
0000000001000110
0000000001001001
0000000001001101
0000000001010001
0000000001010100
0000000001011000
0000000001011100
0000000001100000
0000000001100100
0000000001101000
0000000001101100
0000000001110000
0000000001110100
0000000001110111
0000000001111011
0000000010000000
0000000010000100
0000000010001000
0000000010001011
0000000010001111
0000000010010011
0000000010010111
0000000010011011
0000000010011111
0000000010100011
0000000010100111
0000000010101011
0000000010101110
0000000010110010
0000000010110110
0000000010111001
0000000010111101
0000000011000000
0000000011000100
0000000011000111
0000000011001010
0000000011001110
0000000011010001
0000000011010100
0000000011010111
0000000011011010
0000000011011100
0000000011011111
0000000011100010
0000000011100100
0000000011100111
0000000011101001
0000000011101011
0000000011101101
0000000011101111
0000000011110001
0000000011110011
0000000011110101
0000000011110110
0000000011110111
0000000011111001
0000000011111010
0000000011111011
0000000011111100
0000000011111101
0000000011111101
0000000011111110
0000000011111110
0000000011111111
0000000011111111
0000000011111111
0000000011111111
0000000011111111
0000000011111110
0000000011111110
0000000011111101
0000000011111101
0000000011111100
0000000011111011
0000000011111010
0000000011111001
0000000011110111
0000000011110110
0000000011110101
0000000011110011
0000000011110001
0000000011101111
0000000011101101
0000000011101011
0000000011101001
0000000011100111
0000000011100100
0000000011100010
0000000011011111
0000000011011100
0000000011011010
0000000011010111
0000000011010100
0000000011010001
0000000011001110
0000000011001010
0000000011000111
0000000011000100
0000000011000000
0000000010111101
0000000010111001
0000000010110110
0000000010110010
0000000010101110
0000000010101011
0000000010100111
0000000010100011
0000000010011111
0000000010011011
0000000010010111
0000000010010011
0000000010001111
0000000010001011
0000000010001000
0000000010000100
0000000010000000
0000000001111011
0000000001110111
0000000001110100
0000000001110000
0000000001101100
0000000001101000
0000000001100100
0000000001100000
0000000001011100
0000000001011000
0000000001010100
0000000001010001
0000000001001101
0000000001001001
0000000001000110
0000000001000010
0000000000111111
0000000000111011
0000000000111000
0000000000110101
0000000000110001
0000000000101110
0000000000101011
0000000000101000
0000000000100101
0000000000100011
0000000000100000
0000000000011101
0000000000011011
0000000000011000
0000000000010110
0000000000010100
0000000000010010
0000000000010000
0000000000001110
0000000000001100
0000000000001010
0000000000001001
0000000000001000
0000000000000110
0000000000000101
0000000000000100
0000000000000011
0000000000000010
0000000000000010
0000000000000001
0000000000000001
0000000000000000
0000000000000000
0000000000000000
0000000000000000
0000000000000000
0000000000000001
0000000000000001
0000000000000010
0000000000000010
0000000000000011
0000000000000100
0000000000000101
0000000000000110
0000000000001000
0000000000001001
0000000000001010
0000000000001100
0000000000001110
0000000000010000
0000000000010010
0000000000010100
0000000000010110
0000000000011000
0000000000011011
0000000000011101
0000000000100000
0000000000100011
0000000000100101
0000000000101000
0000000000101011
0000000000101110
0000000000110001
0000000000110101
0000000000111000
0000000000111011
0000000000111111
0000000001000010
0000000001000110
0000000001001001
0000000001001101
0000000001010001
0000000001010100
0000000001011000
0000000001011100
0000000001100000
0000000001100100
0000000001101000
0000000001101100
0000000001110000
0000000001110100
0000000001110111
0000000001111011
0000000001111111
0000000010000100
0000000010001000
0000000010001011
0000000010001111
0000000010010011
0000000010010111
0000000010011011
0000000010011111
0000000010100011
0000000010100111
0000000010101011
0000000010101110
0000000010110010
0000000010110110
0000000010111001
0000000010111101
0000000011000000
0000000011000100
0000000011000111
0000000011001010
0000000011001110
0000000011010001
0000000011010100
0000000011010111
0000000011011010
0000000011011100
0000000011011111
0000000011100010
0000000011100100
0000000011100111
0000000011101001
0000000011101011
0000000011101101
0000000011101111
0000000011110001
0000000011110011
0000000011110101
0000000011110110
0000000011110111
0000000011111001
0000000011111010
0000000011111011
0000000011111100
0000000011111101
0000000011111101
0000000011111110
0000000011111110
0000000011111111
0000000011111111
0000000011111111
0000000011111111
0000000011111111
0000000011111110
0000000011111110
0000000011111101
0000000011111101
0000000011111100
0000000011111011
0000000011111010
0000000011111001
0000000011110111
0000000011110110
0000000011110101
0000000011110011
0000000011110001
0000000011101111
0000000011101101
0000000011101011
0000000011101001
0000000011100111
0000000011100100
0000000011100010
0000000011011111
0000000011011100
0000000011011010
0000000011010111
0000000011010100
0000000011010001
0000000011001110
0000000011001010
0000000011000111
0000000011000100
0000000011000000
0000000010111101
0000000010111001
0000000010110110
0000000010110010
0000000010101110
0000000010101011
0000000010100111
0000000010100011
0000000010011111
0000000010011011
0000000010010111
0000000010010011
0000000010001111
0000000010001011
0000000010001000
0000000010000100
0000000001111111
0000000001111011
0000000001110111
0000000001110100
0000000001110000
0000000001101100
0000000001101000
0000000001100100
0000000001100000
0000000001011100
0000000001011000
0000000001010100
0000000001010001
0000000001001101
0000000001001001
0000000001000110
0000000001000010
0000000000111111
0000000000111011
0000000000111000
0000000000110101
0000000000110001
0000000000101110
0000000000101011
0000000000101000
0000000000100101
0000000000100011
0000000000100000
0000000000011101
0000000000011011
0000000000011000
0000000000010110
0000000000010100
0000000000010010
0000000000010000
0000000000001110
0000000000001100
0000000000001010
0000000000001001
0000000000001000
0000000000000110
0000000000000101
0000000000000100
0000000000000011
0000000000000010
0000000000000010
0000000000000001
0000000000000001
0000000000000000
0000000000000000
0000000000000000
0000000000000000
0000000000000000
0000000000000001
0000000000000001
0000000000000010
0000000000000010
0000000000000011
0000000000000100
0000000000000101
0000000000000110
0000000000001000
0000000000001001
0000000000001010
0000000000001100
0000000000001110
0000000000010000
0000000000010010
0000000000010100
0000000000010110
0000000000011000
0000000000011011
0000000000011101
0000000000100000
0000000000100011
0000000000100101
0000000000101000
0000000000101011
0000000000101110
0000000000110001
0000000000110101
0000000000111000
0000000000111011
0000000000111111
0000000001000010
0000000001000110
0000000001001001
0000000001001101
0000000001010001
0000000001010100
0000000001011000
0000000001011100
0000000001100000
0000000001100100
0000000001101000
0000000001101100
0000000001110000
0000000001110100
0000000001110111
0000000001111011
0000000001111111
0000000010000100
0000000010001000
0000000010001011
0000000010001111
0000000010010011
0000000010010111
0000000010011011
0000000010011111
0000000010100011
0000000010100111
0000000010101011
0000000010101110
0000000010110010
0000000010110110
0000000010111001
0000000010111101
0000000011000000
0000000011000100
0000000011000111
0000000011001010
0000000011001110
0000000011010001
0000000011010100
0000000011010111
0000000011011010
0000000011011100
0000000011011111
0000000011100010
0000000011100100
0000000011100111
0000000011101001
0000000011101011
0000000011101101
0000000011101111
0000000011110001
0000000011110011
0000000011110101
0000000011110110
0000000011110111
0000000011111001
0000000011111010
0000000011111011
0000000011111100
0000000011111101
0000000011111101
0000000011111110
0000000011111110
0000000011111111
0000000011111111
0000000011111111
0000000011111111
0000000011111111
0000000011111110
0000000011111110
0000000011111101
0000000011111101
0000000011111100
0000000011111011
0000000011111010
0000000011111001
0000000011110111
0000000011110110
0000000011110101
0000000011110011
0000000011110001
0000000011101111
0000000011101101
0000000011101011
0000000011101001
0000000011100111
0000000011100100
0000000011100010
0000000011011111
0000000011011100
0000000011011010
0000000011010111
0000000011010100
0000000011010001
0000000011001110
0000000011001010
0000000011000111
0000000011000100
0000000011000000
0000000010111101
0000000010111001
0000000010110110
0000000010110010
0000000010101110
0000000010101011
0000000010100111
0000000010100011
0000000010011111
0000000010011011
0000000010010111
0000000010010011
0000000010001111
0000000010001011
0000000010001000
0000000010000100
0000000001111111
0000000001111011
0000000001110111
0000000001110100
0000000001110000
0000000001101100
0000000001101000
0000000001100100
0000000001100000
0000000001011100
0000000001011000
0000000001010100
0000000001010001
0000000001001101
0000000001001001
0000000001000110
0000000001000010
0000000000111111
0000000000111011
0000000000111000
0000000000110101
0000000000110001
0000000000101110
0000000000101011
0000000000101000
0000000000100101
0000000000100011
0000000000100000
0000000000011101
0000000000011011
0000000000011000
0000000000010110
0000000000010100
0000000000010010
0000000000010000
0000000000001110
0000000000001100
0000000000001010
0000000000001001
0000000000001000
0000000000000110
0000000000000101
0000000000000100
0000000000000011
0000000000000010
0000000000000010
0000000000000001
0000000000000001
0000000000000000
0000000000000000
0000000000000000
0000000000000000
0000000000000000
0000000000000001
0000000000000001
0000000000000010
0000000000000010
0000000000000011
0000000000000100
0000000000000101
0000000000000110
0000000000001000
0000000000001001
0000000000001010
0000000000001100
0000000000001110
0000000000010000
0000000000010010
0000000000010100
0000000000010110
0000000000011000
0000000000011011
0000000000011101
0000000000100000
0000000000100011
0000000000100101
0000000000101000
0000000000101011
0000000000101110
0000000000110001
0000000000110101
0000000000111000
0000000000111011
0000000000111111
0000000001000010
0000000001000110
0000000001001001
0000000001001101
0000000001010001
0000000001010100
0000000001011000
0000000001011100
0000000001100000
0000000001100100
0000000001101000
0000000001101100
0000000001110000
0000000001110100
0000000001110111
0000000001111011
0000000001111111
0000000010000100
0000000010001000
0000000010001011
0000000010001111
0000000010010011
0000000010010111
0000000010011011
0000000010011111
0000000010100011
0000000010100111
0000000010101011
0000000010101110
0000000010110010
0000000010110110
0000000010111001
0000000010111101
0000000011000000
0000000011000100
0000000011000111
0000000011001010
0000000011001110
0000000011010001
0000000011010100
0000000011010111
0000000011011010
0000000011011100
0000000011011111
0000000011100010
0000000011100100
0000000011100111
0000000011101001
0000000011101011
0000000011101101
0000000011101111
0000000011110001
0000000011110011
0000000011110101
0000000011110110
0000000011110111
0000000011111001
0000000011111010
0000000011111011
0000000011111100
0000000011111101
0000000011111101
0000000011111110
0000000011111110
0000000011111111
0000000011111111
0000000011111111
0000000011111111
0000000011111111
0000000011111110
0000000011111110
0000000011111101
0000000011111101
0000000011111100
0000000011111011
0000000011111010
0000000011111001
0000000011110111
0000000011110110
0000000011110101
0000000011110011
0000000011110001
0000000011101111
0000000011101101
0000000011101011
0000000011101001
0000000011100111
0000000011100100
0000000011100010
0000000011011111
0000000011011100
0000000011011010
0000000011010111
0000000011010100
0000000011010001
0000000011001110
0000000011001010
0000000011000111
0000000011000100
0000000011000000
0000000010111101
0000000010111001
0000000010110110
0000000010110010
0000000010101110
0000000010101011
0000000010100111
0000000010100011
0000000010011111
0000000010011011
0000000010010111
0000000010010011
0000000010001111
0000000010001011
0000000010001000
0000000010000100
0000000010000000
0000000001111011
0000000001110111
0000000001110100
0000000001110000
0000000001101100
0000000001101000
0000000001100100
0000000001100000
0000000001011100
0000000001011000
0000000001010100
0000000001010001
0000000001001101
0000000001001001
0000000001000110
0000000001000010
0000000000111111
0000000000111011
0000000000111000
0000000000110101
0000000000110001
0000000000101110
0000000000101011
0000000000101000
0000000000100101
0000000000100011
0000000000100000
0000000000011101
0000000000011011
0000000000011000
0000000000010110
0000000000010100
0000000000010010
0000000000010000
0000000000001110
0000000000001100
0000000000001010
0000000000001001
0000000000001000
0000000000000110
0000000000000101
0000000000000100
0000000000000011
0000000000000010
0000000000000010
0000000000000001
0000000000000001
0000000000000000
0000000000000000
0000000000000000
0000000000000000
0000000000000000
0000000000000001
0000000000000001
0000000000000010
0000000000000010
0000000000000011
0000000000000100
0000000000000101
0000000000000110
0000000000001000
0000000000001001
0000000000001010
0000000000001100
0000000000001110
0000000000010000
0000000000010010
0000000000010100
0000000000010110
0000000000011000
0000000000011011
0000000000011101
0000000000100000
0000000000100011
0000000000100101
0000000000101000
0000000000101011
0000000000101110
0000000000110001
0000000000110101
0000000000111000
0000000000111011
0000000000111111
0000000001000010
0000000001000110
0000000001001001
0000000001001101
0000000001010001
0000000001010100
0000000001011000
0000000001011100
0000000001100000
0000000001100100
0000000001101000
0000000001101100
0000000001110000
0000000001110100
0000000001110111
0000000001111011
0000000010000000
0000000010000100
0000000010001000
0000000010001011
0000000010001111
0000000010010011
0000000010010111
0000000010011011
0000000010011111
0000000010100011
0000000010100111
0000000010101011
0000000010101110
0000000010110010
0000000010110110
0000000010111001
0000000010111101
0000000011000000
0000000011000100
0000000011000111
0000000011001010
0000000011001110
0000000011010001
0000000011010100
0000000011010111
0000000011011010
0000000011011100
0000000011011111
0000000011100010
0000000011100100
0000000011100111
0000000011101001
0000000011101011
0000000011101101
0000000011101111
0000000011110001
0000000011110011
0000000011110101
0000000011110110
0000000011110111
0000000011111001
0000000011111010
0000000011111011
0000000011111100
0000000011111101
0000000011111101
0000000011111110
0000000011111110
0000000011111111
0000000011111111
0000000011111111
0000000011111111
0000000011111111
0000000011111110
0000000011111110
0000000011111101
0000000011111101
0000000011111100
0000000011111011
0000000011111010
0000000011111001
0000000011110111
0000000011110110
0000000011110101
0000000011110011
0000000011110001
0000000011101111
0000000011101101
0000000011101011
0000000011101001
0000000011100111
0000000011100100
0000000011100010
0000000011011111
0000000011011100
0000000011011010
0000000011010111
0000000011010100
0000000011010001
0000000011001110
0000000011001010
0000000011000111
0000000011000100
0000000011000000
0000000010111101
0000000010111001
0000000010110110
0000000010110010
0000000010101110
0000000010101011
0000000010100111
0000000010100011
0000000010011111
0000000010011011
0000000010010111
0000000010010011
0000000010001111
0000000010001011
0000000010001000
0000000010000100
0000000010000000
0000000001111011
0000000001110111
0000000001110100
0000000001110000
0000000001101100
0000000001101000
0000000001100100
0000000001100000
0000000001011100
0000000001011000
0000000001010100
0000000001010001
0000000001001101
0000000001001001
0000000001000110
0000000001000010
0000000000111111
0000000000111011
0000000000111000
0000000000110101
0000000000110001
0000000000101110
0000000000101011
0000000000101000
0000000000100101
0000000000100011
0000000000100000
0000000000011101
0000000000011011
0000000000011000
0000000000010110
0000000000010100
0000000000010010
0000000000010000
0000000000001110
0000000000001100
0000000000001010
0000000000001001
0000000000001000
0000000000000110
0000000000000101
0000000000000100
0000000000000011
0000000000000010
0000000000000010
0000000000000001
0000000000000001
0000000000000000
0000000000000000
0000000000000000
0000000000000000
0000000000000000
0000000000000001
0000000000000001
0000000000000010
0000000000000010
0000000000000011
0000000000000100
0000000000000101
0000000000000110
0000000000001000
0000000000001001
0000000000001010
0000000000001100
0000000000001110
0000000000010000
0000000000010010
0000000000010100
0000000000010110
0000000000011000
0000000000011011
0000000000011101
0000000000100000
0000000000100011
0000000000100101
0000000000101000
0000000000101011
0000000000101110
0000000000110001
0000000000110101
0000000000111000
0000000000111011
0000000000111111
0000000001000010
0000000001000110
0000000001001001
0000000001001101
0000000001010001
0000000001010100
0000000001011000
0000000001011100
0000000001100000
0000000001100100
0000000001101000
0000000001101100
0000000001110000
0000000001110100
0000000001110111
0000000001111011
0000000010000000
0000000010000100
0000000010001000
0000000010001011
0000000010001111
0000000010010011
0000000010010111
0000000010011011
0000000010011111
0000000010100011
0000000010100111
0000000010101011
0000000010101110
0000000010110010
0000000010110110
0000000010111001
0000000010111101
0000000011000000
0000000011000100
0000000011000111
0000000011001010
0000000011001110
0000000011010001
0000000011010100
0000000011010111
0000000011011010
0000000011011100
0000000011011111
0000000011100010
0000000011100100
0000000011100111
0000000011101001
0000000011101011
0000000011101101
0000000011101111
0000000011110001
0000000011110011
0000000011110101
0000000011110110
0000000011110111
0000000011111001
0000000011111010
0000000011111011
0000000011111100
0000000011111101
0000000011111101
0000000011111110
0000000011111110
0000000011111111
0000000011111111
0000000011111111
0000000011111111
0000000011111111
0000000011111110
0000000011111110
0000000011111101
0000000011111101
0000000011111100
0000000011111011
0000000011111010
0000000011111001
0000000011110111
0000000011110110
0000000011110101
0000000011110011
0000000011110001
0000000011101111
0000000011101101
0000000011101011
0000000011101001
0000000011100111
0000000011100100
0000000011100010
0000000011011111
0000000011011100
0000000011011010
0000000011010111
0000000011010100
0000000011010001
0000000011001110
0000000011001010
0000000011000111
0000000011000100
0000000011000000
0000000010111101
0000000010111001
0000000010110110
0000000010110010
0000000010101110
0000000010101011
0000000010100111
0000000010100011
0000000010011111
0000000010011011
0000000010010111
0000000010010011
0000000010001111
0000000010001011
0000000010001000
0000000010000100
0000000010000000
0000000001111011
0000000001110111
0000000001110100
0000000001110000
0000000001101100
0000000001101000
0000000001100100
0000000001100000
0000000001011100
0000000001011000
0000000001010100
0000000001010001
0000000001001101
0000000001001001
0000000001000110
0000000001000010
0000000000111111
0000000000111011
0000000000111000
0000000000110101
0000000000110001
0000000000101110
0000000000101011
0000000000101000
0000000000100101
0000000000100011
0000000000100000
0000000000011101
0000000000011011
0000000000011000
0000000000010110
0000000000010100
0000000000010010
0000000000010000
0000000000001110
0000000000001100
0000000000001010
0000000000001001
0000000000001000
0000000000000110
0000000000000101
0000000000000100
0000000000000011
0000000000000010
0000000000000010
0000000000000001
0000000000000001
0000000000000000
0000000000000000
0000000000000000
0000000000000000
0000000000000000
0000000000000001
0000000000000001
0000000000000010
0000000000000010
0000000000000011
0000000000000100
0000000000000101
0000000000000110
0000000000001000
0000000000001001
0000000000001010
0000000000001100
0000000000001110
0000000000010000
0000000000010010
0000000000010100
0000000000010110
0000000000011000
0000000000011011
0000000000011101
0000000000100000
0000000000100011
0000000000100101
0000000000101000
0000000000101011
0000000000101110
0000000000110001
0000000000110101
0000000000111000
0000000000111011
0000000000111111
0000000001000010
0000000001000110
0000000001001001
0000000001001101
0000000001010001
0000000001010100
0000000001011000
0000000001011100
0000000001100000
0000000001100100
0000000001101000
0000000001101100
0000000001110000
0000000001110100
0000000001110111
0000000001111011
0000000001111111
0000000010000100
0000000010001000
0000000010001011
0000000010001111
0000000010010011
0000000010010111
0000000010011011
0000000010011111
0000000010100011
0000000010100111
0000000010101011
0000000010101110
0000000010110010
0000000010110110
0000000010111001
0000000010111101
0000000011000000
0000000011000100
0000000011000111
0000000011001010
0000000011001110
0000000011010001
0000000011010100
0000000011010111
0000000011011010
0000000011011100
0000000011011111
0000000011100010
0000000011100100
0000000011100111
0000000011101001
0000000011101011
0000000011101101
0000000011101111
0000000011110001
0000000011110011
0000000011110101
0000000011110110
0000000011110111
0000000011111001
0000000011111010
0000000011111011
0000000011111100
0000000011111101
0000000011111101
0000000011111110
0000000011111110
0000000011111111
0000000011111111
0000000011111111
0000000011111111
0000000011111111
0000000011111110
0000000011111110
0000000011111101
0000000011111101
0000000011111100
0000000011111011
0000000011111010
0000000011111001
0000000011110111
0000000011110110
0000000011110101
0000000011110011
0000000011110001
0000000011101111
0000000011101101
0000000011101011
0000000011101001
0000000011100111
0000000011100100
0000000011100010
0000000011011111
0000000011011100
0000000011011010
0000000011010111
0000000011010100
0000000011010001
0000000011001110
0000000011001010
0000000011000111
0000000011000100
0000000011000000
0000000010111101
0000000010111001
0000000010110110
0000000010110010
0000000010101110
0000000010101011
0000000010100111
0000000010100011
0000000010011111
0000000010011011
0000000010010111
0000000010010011
0000000010001111
0000000010001011
0000000010001000
0000000010000100
0000000001111111
0000000001111011
0000000001110111
0000000001110100
0000000001110000
0000000001101100
0000000001101000
0000000001100100
0000000001100000
0000000001011100
0000000001011000
0000000001010100
0000000001010001
0000000001001101
0000000001001001
0000000001000110
0000000001000010
0000000000111111
0000000000111011
0000000000111000
0000000000110101
0000000000110001
0000000000101110
0000000000101011
0000000000101000
0000000000100101
0000000000100011
0000000000100000
0000000000011101
0000000000011011
0000000000011000
0000000000010110
0000000000010100
0000000000010010
0000000000010000
0000000000001110
0000000000001100
0000000000001010
0000000000001001
0000000000001000
0000000000000110
0000000000000101
0000000000000100
0000000000000011
0000000000000010
0000000000000010
0000000000000001
0000000000000001
0000000000000000
0000000000000000
0000000000000000
0000000000000000
0000000000000000
0000000000000001
0000000000000001
0000000000000010
0000000000000010
0000000000000011
0000000000000100
0000000000000101
0000000000000110
0000000000001000
0000000000001001
0000000000001010
0000000000001100
0000000000001110
0000000000010000
0000000000010010
0000000000010100
0000000000010110
0000000000011000
0000000000011011
0000000000011101
0000000000100000
0000000000100011
0000000000100101
0000000000101000
0000000000101011
0000000000101110
0000000000110001
0000000000110101
0000000000111000
0000000000111011
0000000000111111
0000000001000010
0000000001000110
0000000001001001
0000000001001101
0000000001010001
0000000001010100
0000000001011000
0000000001011100
0000000001100000
0000000001100100
0000000001101000
0000000001101100
0000000001110000
0000000001110100
0000000001110111
0000000001111011
0000000001111111
0000000010000100
0000000010001000
0000000010001011
0000000010001111
0000000010010011
0000000010010111
0000000010011011
0000000010011111
0000000010100011
0000000010100111
0000000010101011
0000000010101110
0000000010110010
0000000010110110
0000000010111001
0000000010111101
0000000011000000
0000000011000100
0000000011000111
0000000011001010
0000000011001110
0000000011010001
0000000011010100
0000000011010111
0000000011011010
0000000011011100
0000000011011111
0000000011100010
0000000011100100
0000000011100111
0000000011101001
0000000011101011
0000000011101101
0000000011101111
0000000011110001
0000000011110011
0000000011110101
0000000011110110
0000000011110111
0000000011111001
0000000011111010
0000000011111011
0000000011111100
0000000011111101
0000000011111101
0000000011111110
0000000011111110
0000000011111111
0000000011111111
0000000011111111
0000000011111111
0000000011111111
0000000011111110
0000000011111110
0000000011111101
0000000011111101
0000000011111100
0000000011111011
0000000011111010
0000000011111001
0000000011110111
0000000011110110
0000000011110101
0000000011110011
0000000011110001
0000000011101111
0000000011101101
0000000011101011
0000000011101001
0000000011100111
0000000011100100
0000000011100010
0000000011011111
0000000011011100
0000000011011010
0000000011010111
0000000011010100
0000000011010001
0000000011001110
0000000011001010
0000000011000111
0000000011000100
0000000011000000
0000000010111101
0000000010111001
0000000010110110
0000000010110010
0000000010101110
0000000010101011
0000000010100111
0000000010100011
0000000010011111
0000000010011011
0000000010010111
0000000010010011
0000000010001111
0000000010001011
0000000010001000
0000000010000100
0000000010000000
0000000001111011
0000000001110111
0000000001110100
0000000001110000
0000000001101100
0000000001101000
0000000001100100
0000000001100000
0000000001011100
0000000001011000
0000000001010100
0000000001010001
0000000001001101
0000000001001001
0000000001000110
0000000001000010
0000000000111111
0000000000111011
0000000000111000
0000000000110101
0000000000110001
0000000000101110
0000000000101011
0000000000101000
0000000000100101
0000000000100011
0000000000100000
0000000000011101
0000000000011011
0000000000011000
0000000000010110
0000000000010100
0000000000010010
0000000000010000
0000000000001110
0000000000001100
0000000000001010
0000000000001001
0000000000001000
0000000000000110
0000000000000101
0000000000000100
0000000000000011
0000000000000010
0000000000000010
0000000000000001
0000000000000001
0000000000000000
0000000000000000
0000000000000000
0000000000000000
0000000000000000
0000000000000001
0000000000000001
0000000000000010
0000000000000010
0000000000000011
0000000000000100
0000000000000101
0000000000000110
0000000000001000
0000000000001001
0000000000001010
0000000000001100
0000000000001110
0000000000010000
0000000000010010
0000000000010100
0000000000010110
0000000000011000
0000000000011011
0000000000011101
0000000000100000
0000000000100011
0000000000100101
0000000000101000
0000000000101011
0000000000101110
0000000000110001
0000000000110101
0000000000111000
0000000000111011
0000000000111111
0000000001000010
0000000001000110
0000000001001001
0000000001001101
0000000001010001
0000000001010100
0000000001011000
0000000001011100
0000000001100000
0000000001100100
0000000001101000
0000000001101100
0000000001110000
0000000001110100
0000000001110111
0000000001111011
0000000010000000
0000000010000100
0000000010001000
0000000010001011
0000000010001111
0000000010010011
0000000010010111
0000000010011011
0000000010011111
0000000010100011
0000000010100111
0000000010101011
0000000010101110
0000000010110010
0000000010110110
0000000010111001
0000000010111101
0000000011000000
0000000011000100
0000000011000111
0000000011001010
0000000011001110
0000000011010001
0000000011010100
0000000011010111
0000000011011010
0000000011011100
0000000011011111
0000000011100010
0000000011100100
0000000011100111
0000000011101001
0000000011101011
0000000011101101
0000000011101111
0000000011110001
0000000011110011
0000000011110101
0000000011110110
0000000011110111
0000000011111001
0000000011111010
0000000011111011
0000000011111100
0000000011111101
0000000011111101
0000000011111110
0000000011111110
0000000011111111
0000000011111111
0000000011111111
0000000011111111
0000000011111111
0000000011111110
0000000011111110
0000000011111101
0000000011111101
0000000011111100
0000000011111011
0000000011111010
0000000011111001
0000000011110111
0000000011110110
0000000011110101
0000000011110011
0000000011110001
0000000011101111
0000000011101101
0000000011101011
0000000011101001
0000000011100111
0000000011100100
0000000011100010
0000000011011111
0000000011011100
0000000011011010
0000000011010111
0000000011010100
0000000011010001
0000000011001110
0000000011001010
0000000011000111
0000000011000100
0000000011000000
0000000010111101
0000000010111001
0000000010110110
0000000010110010
0000000010101110
0000000010101011
0000000010100111
0000000010100011
0000000010011111
0000000010011011
0000000010010111
0000000010010011
0000000010001111
0000000010001011
0000000010001000
0000000010000100
0000000010000000
0000000001111011
0000000001110111
0000000001110100
0000000001110000
0000000001101100
0000000001101000
0000000001100100
0000000001100000
0000000001011100
0000000001011000
0000000001010100
0000000001010001
0000000001001101
0000000001001001
0000000001000110
0000000001000010
0000000000111111
0000000000111011
0000000000111000
0000000000110101
0000000000110001
0000000000101110
0000000000101011
0000000000101000
0000000000100101
0000000000100011
0000000000100000
0000000000011101
0000000000011011
0000000000011000
0000000000010110
0000000000010100
0000000000010010
0000000000010000
0000000000001110
0000000000001100
0000000000001010
0000000000001001
0000000000001000
0000000000000110
0000000000000101
0000000000000100
0000000000000011
0000000000000010
0000000000000010
0000000000000001
0000000000000001
0000000000000000
0000000000000000
0000000000000000
0000000000000000
0000000000000000
0000000000000001
0000000000000001
0000000000000010
0000000000000010
0000000000000011
0000000000000100
0000000000000101
0000000000000110
0000000000001000
0000000000001001
0000000000001010
0000000000001100
0000000000001110
0000000000010000
0000000000010010
0000000000010100
0000000000010110
0000000000011000
0000000000011011
0000000000011101
0000000000100000
0000000000100011
0000000000100101
0000000000101000
0000000000101011
0000000000101110
0000000000110001
0000000000110101
0000000000111000
0000000000111011
0000000000111111
0000000001000010
0000000001000110
0000000001001001
0000000001001101
0000000001010001
0000000001010100
0000000001011000
0000000001011100
0000000001100000
0000000001100100
0000000001101000
0000000001101100
0000000001110000
0000000001110100
0000000001110111
0000000001111011
0000000001111111
0000000010000100
0000000010001000
0000000010001011
0000000010001111
0000000010010011
0000000010010111
0000000010011011
0000000010011111
0000000010100011
0000000010100111
0000000010101011
0000000010101110
0000000010110010
0000000010110110
0000000010111001
0000000010111101
0000000011000000
0000000011000100
0000000011000111
0000000011001010
0000000011001110
0000000011010001
0000000011010100
0000000011010111
0000000011011010
0000000011011100
0000000011011111
0000000011100010
0000000011100100
0000000011100111
0000000011101001
0000000011101011
0000000011101101
0000000011101111
0000000011110001
0000000011110011
0000000011110101
0000000011110110
0000000011110111
0000000011111001
0000000011111010
0000000011111011
0000000011111100
0000000011111101
0000000011111101
0000000011111110
0000000011111110
0000000011111111
0000000011111111
0000000011111111
0000000011111111
0000000011111111
0000000011111110
0000000011111110
0000000011111101
0000000011111101
0000000011111100
0000000011111011
0000000011111010
0000000011111001
0000000011110111
0000000011110110
0000000011110101
0000000011110011
0000000011110001
0000000011101111
0000000011101101
0000000011101011
0000000011101001
0000000011100111
0000000011100100
0000000011100010
0000000011011111
0000000011011100
0000000011011010
0000000011010111
0000000011010100
0000000011010001
0000000011001110
0000000011001010
0000000011000111
0000000011000100
0000000011000000
0000000010111101
0000000010111001
0000000010110110
0000000010110010
0000000010101110
0000000010101011
0000000010100111
0000000010100011
0000000010011111
0000000010011011
0000000010010111
0000000010010011
